CANT TIEMPO
100 5.20158
200 6.15953
300 6.85392
400 7.14544
500 7.41512
600 7.83161
700 7.88153
800 8.13803
900 8.18722
1000 8.40361
1100 8.72542
1200 8.81487
1300 8.67574
1400 8.88144
1500 8.92209
1600 9.12986
1700 9.25587
1800 9.17346
1900 9.34588
2000 9.39969
2100 9.6352
2200 9.71436
2300 9.88396
2400 9.81953
2500 9.89003
2600 9.67499
2700 9.7478
2800 9.87787
2900 9.83863
3000 9.91526
3100 10.0555
3200 10.1258
3300 10.2598
3400 10.2494
3500 10.3299
3600 10.1711
3700 10.2871
3800 10.3467
3900 10.3473
4000 10.3988
4100 10.5133
4200 10.6324
4300 10.7057
4400 10.714
4500 10.7715
4600 10.874
4700 10.7775
4800 10.8176
4900 10.8266
5000 10.8881
5100 10.979
5200 10.6698
5300 10.7466
5400 10.7381
5500 10.838
5600 10.8733
5700 10.7874
5800 10.8398
5900 10.8417
6000 10.9248
6100 10.9536
6200 11.0672
6300 11.1129
6400 11.1201
6500 11.2061
6600 11.2561
6700 11.1964
6800 11.2496
6900 11.3187
7000 11.3229
7100 11.3793
7200 11.1756
7300 11.2164
7400 11.2891
7500 11.2999
7600 11.346
7700 11.2866
7800 11.3547
7900 11.3927
8000 11.3968
8100 11.4365
8200 11.5145
8300 11.5871
8400 11.6363
8500 11.6502
8600 11.6987
8700 11.7645
8800 11.715
8900 11.7657
9000 11.7741
9100 11.8155
9200 11.8705
9300 11.7248
9400 11.7756
9500 11.7867
9600 11.815
9700 11.8691
9800 11.8238
9900 11.8745
10000 11.8979
10100 11.9401
10200 11.9834
10300 11.6414
10400 11.6742
10500 11.6843
10600 11.744
10700 11.7692
10800 11.7461
10900 11.7781
11000 11.8296
11100 11.841
11200 11.8813
11300 11.7536
11400 11.7897
11500 11.8358
11600 11.8391
11700 11.8776
11800 11.8423
11900 11.888
12000 11.9151
12100 11.9156
12200 11.9531
12300 12.0076
12400 12.0558
12500 12.0937
12600 12.1149
12700 12.1534
12800 12.1221
12900 12.1591
13000 12.2038
13100 12.2212
13200 12.257
13300 12.2967
13400 12.2055
13500 12.228
13600 12.2423
13700 12.2746
13800 12.316
13900 12.2926
14000 12.3406
14100 12.3386
14200 12.3865
14300 12.4006
14400 12.1718
14500 12.2076
14600 12.2173
14700 12.2598
14800 12.2923
14900 12.2628
15000 12.2992
15100 12.3281
15200 12.3468
15300 12.3738
15400 12.2914
15500 12.3121
15600 12.3542
15700 12.3572
15800 12.3972
15900 12.369
16000 12.4019
16100 12.4345
16200 12.438
16300 12.4747
16400 12.5016
16500 12.5463
16600 12.5858
16700 12.6076
16800 12.6241
16900 12.6039
17000 12.6627
17100 12.676
17200 12.701
17300 12.7203
17400 12.7577
17500 12.6868
17600 12.7156
17700 12.7332
17800 12.7652
17900 12.7898
18000 12.7797
18100 12.7961
18200 12.8323
18300 12.8482
18400 12.8723
18500 12.6929
18600 12.7239
18700 12.7353
18800 12.7824
18900 12.7988
19000 12.7913
19100 12.8218
19200 12.8225
19300 12.8455
19400 12.8752
19500 12.8035
19600 12.8426
19700 12.8667
19800 12.8816
19900 12.9076
20000 12.8895
20100 12.9108
20200 12.9431
20300 12.9507
20400 12.9861
20500 12.61
20600 12.6536
20700 12.6717
20800 12.6818
20900 12.7014
21000 12.6938
21100 12.7333
21200 12.7466
21300 12.7591
21400 12.7866
21500 12.8094
21600 12.7569
21700 12.7702
21800 12.7863
21900 12.8065
22000 12.8327
22100 12.8221
22200 12.8502
22300 12.8601
22400 12.8703
22500 12.9121
22600 12.7557
22700 12.784
22800 12.7964
22900 12.8172
23000 12.8343
23100 12.8251
23200 12.8483
23300 12.8486
23400 12.8906
23500 12.8831
23600 12.8372
23700 12.8668
23800 12.884
23900 12.8874
24000 12.9185
24100 12.9028
24200 12.9229
24300 12.9433
24400 12.9615
24500 12.9841
24600 13.0051
24700 13.0433
24800 13.0576
24900 13.0693
25000 13.1025
25100 13.1002
25200 13.1108
25300 13.1359
25400 13.1576
25500 13.1741
25600 13.1222
25700 13.1501
25800 13.1707
25900 13.1898
26000 13.2052
26100 13.228
26200 13.2151
26300 13.2577
26400 13.2573
26500 13.2731
26600 13.3045
26700 13.1739
26800 13.1991
26900 13.2114
27000 13.2318
27100 13.2493
27200 13.2462
27300 13.2615
27400 13.2781
27500 13.3058
27600 13.3157
27700 13.2724
27800 13.2953
27900 13.3329
28000 13.3234
28100 13.3327
28200 13.3425
28300 13.3603
28400 13.3859
28500 13.3948
28600 13.4175
28700 13.1473
28800 13.1741
28900 13.1951
29000 13.2015
29100 13.2242
29200 13.2217
29300 13.2448
29400 13.258
29500 13.2625
29600 13.2809
29700 13.2391
29800 13.264
29900 13.285
30000 13.2879
30100 13.3189
30200 13.3305
30300 13.3421
30400 13.3401
30500 13.3551
30600 13.3797
30700 13.3909
30800 13.2892
30900 13.3076
31000 13.3133
31100 13.3392
31200 13.3536
31300 13.3427
31400 13.366
31500 13.3748
31600 13.3902
31700 13.4095
31800 13.367
31900 13.384
32000 13.3933
32100 13.4217
32200 13.4297
32300 13.4266
32400 13.4322
32500 13.4664
32600 13.4758
32700 13.4775
32800 13.5119
32900 13.5128
33000 13.5607
33100 13.5615
33200 13.5819
33300 13.5742
33400 13.5989
33500 13.6161
33600 13.6253
33700 13.6437
33800 13.6048
33900 13.6406
34000 13.6484
34100 13.6543
34200 13.6879
34300 13.7022
34400 13.6975
34500 13.7102
34600 13.7239
34700 13.7307
34800 13.7592
34900 13.6564
35000 13.6853
35100 13.6863
35200 13.7079
35300 13.724
35400 13.7278
35500 13.7466
35600 13.7684
35700 13.7821
35800 13.7865
35900 13.7629
36000 13.7937
36100 13.7796
36200 13.8092
36300 13.8145
36400 13.8222
36500 13.8251
36600 13.8616
36700 13.8649
36800 13.8801
36900 13.676
37000 13.6883
37100 13.714
37200 13.7203
37300 13.7405
37400 13.7379
37500 13.7542
37600 13.7759
37700 13.7761
37800 13.7947
37900 13.7543
38000 13.7795
38100 13.7906
38200 13.795
38300 13.8131
38400 13.8224
38500 13.8427
38600 13.8595
38700 13.8572
38800 13.8693
38900 13.8915
39000 13.8063
39100 13.8191
39200 13.8386
39300 13.8565
39400 13.8668
39500 13.8601
39600 13.8791
39700 13.8827
39800 13.9031
39900 13.9131
40000 13.8762
40100 13.888
40200 13.9063
40300 13.9285
40400 13.9326
40500 13.9439
40600 13.9603
40700 13.9598
40800 13.9694
40900 13.9831
41000 13.6083
41100 13.6316
41200 13.6468
41300 13.6413
41400 13.6629
41500 13.6586
41600 13.6805
41700 13.6921
41800 13.7095
41900 13.7169
42000 13.6952
42100 13.7037
42200 13.7196
42300 13.736
42400 13.7358
42500 13.7423
42600 13.7631
42700 13.7685
42800 13.7775
42900 13.7897
43000 13.8032
43100 13.7249
43200 13.7501
43300 13.7569
43400 13.7663
43500 13.7828
43600 13.786
43700 13.7919
43800 13.8053
43900 13.8181
44000 13.8266
44100 13.801
44200 13.8213
44300 13.8258
44400 13.8371
44500 13.8528
44600 13.8504
44700 13.869
44800 13.8729
44900 13.8895
45000 13.9044
45100 13.7421
45200 13.7514
45300 13.7584
45400 13.779
45500 13.7863
45600 13.7877
45700 13.7969
45800 13.8108
45900 13.8097
46000 13.8269
46100 13.7959
46200 13.818
46300 13.828
46400 13.8425
46500 13.8444
46600 13.8403
46700 13.8614
46800 13.8782
46900 13.8826
47000 13.8875
47100 13.9011
47200 13.844
47300 13.8534
47400 13.8471
47500 13.8718
47600 13.8888
47700 13.8724
47800 13.8982
47900 13.8956
48000 13.9126
48100 13.9237
48200 13.8995
48300 13.9112
48400 13.9188
48500 13.9414
48600 13.9549
48700 13.9428
48800 13.959
48900 13.9614
49000 13.9799
49100 13.9924
49200 14.0057
49300 14.0278
49400 14.0319
49500 14.0491
49600 14.0648
49700 14.0616
49800 14.0663
49900 14.0892
50000 14.0883
50100 14.1144
50200 14.0864
50300 14.0976
50400 14.1154
50500 14.1273
50600 14.1441
50700 14.1322
50800 14.1487
50900 14.1604
51000 14.1661
51100 14.1905
51200 14.1222
51300 14.1379
51400 14.1551
51500 14.1558
51600 14.1776
51700 14.2086
51800 14.1804
51900 14.1902
52000 14.2054
52100 14.2159
52200 14.2365
52300 14.2167
52400 14.2309
52500 14.2314
52600 14.2328
52700 14.2524
52800 14.2591
52900 14.2675
53000 14.2688
53100 14.2948
53200 14.2984
53300 14.162
53400 14.1882
53500 14.1922
53600 14.1979
53700 14.2194
53800 14.2148
53900 14.2184
54000 14.2436
54100 14.2381
54200 14.2604
54300 14.23
54400 14.2499
54500 14.2481
54600 14.2603
54700 14.2817
54800 14.2798
54900 14.2849
55000 14.3017
55100 14.3136
55200 14.3308
55300 14.266
55400 14.2809
55500 14.2916
55600 14.298
55700 14.3089
55800 14.3249
55900 14.3158
56000 14.3389
56100 14.3357
56200 14.3437
56300 14.364
56400 14.3433
56500 14.3511
56600 14.3541
56700 14.3684
56800 14.3825
56900 14.3752
57000 14.3944
57100 14.3988
57200 14.4081
57300 14.4323
57400 14.1599
57500 14.1539
57600 14.1693
57700 14.179
57800 14.1997
57900 14.1875
58000 14.2067
58100 14.2165
58200 14.2246
58300 14.2324
58400 14.2084
58500 14.228
58600 14.2483
58700 14.2557
58800 14.261
58900 14.2532
59000 14.273
59100 14.2865
59200 14.291
59300 14.2909
59400 14.2456
59500 14.2586
59600 14.2608
59700 14.2768
59800 14.2865
59900 14.2907
60000 14.2903
60100 14.3066
60200 14.3272
60300 14.3266
60400 14.3425
60500 14.3201
60600 14.3398
60700 14.3296
60800 14.3428
60900 14.3627
61000 14.3575
61100 14.372
61200 14.3718
61300 14.3863
61400 14.3989
61500 14.2766
61600 14.2948
61700 14.3015
61800 14.2986
61900 14.3145
62000 14.3116
62100 14.3285
62200 14.3377
62300 14.3456
62400 14.3576
62500 14.3302
62600 14.3524
62700 14.3649
62800 14.3543
62900 14.3793
63000 14.3667
63100 14.376
63200 14.3865
63300 14.395
63400 14.4094
63500 14.3523
63600 14.3703
63700 14.3787
63800 14.3738
63900 14.3907
64000 14.398
64100 14.4055
64200 14.4102
64300 14.4126
64400 14.4295
64500 14.4456
64600 14.4236
64700 14.4318
64800 14.432
64900 14.4503
65000 14.4651
65100 14.4546
65200 14.4699
65300 14.467
65400 14.4839
65500 14.4999
65600 14.4983
65700 14.5168
65800 14.5264
65900 14.5443
66000 14.5494
66100 14.542
66200 14.5504
66300 14.5881
66400 14.5841
66500 14.5828
66600 14.5647
66700 14.5774
66800 14.5988
66900 14.6088
67000 14.6083
67100 14.6088
67200 14.6289
67300 14.6375
67400 14.6436
67500 14.6676
67600 14.6141
67700 14.6174
67800 14.6375
67900 14.6353
68000 14.6435
68100 14.643
68200 14.6683
68300 14.6796
68400 14.6767
68500 14.6931
68600 14.6915
68700 14.6952
68800 14.6814
68900 14.7087
69000 14.7035
69100 14.7273
69200 14.72
69300 14.7334
69400 14.7273
69500 14.7435
69600 14.7569
69700 14.6591
69800 14.6686
69900 14.6698
70000 14.6702
70100 14.6936
70200 14.6897
70300 14.7077
70400 14.7096
70500 14.7221
70600 14.7325
70700 14.7126
70800 14.7178
70900 14.735
71000 14.7444
71100 14.7585
71200 14.7417
71300 14.7643
71400 14.7823
71500 14.7859
71600 14.785
71700 14.7479
71800 14.7614
71900 14.7653
72000 14.7608
72100 14.7864
72200 14.7879
72300 14.7739
72400 14.794
72500 14.8104
72600 14.8188
72700 14.8308
72800 14.8081
72900 14.8275
73000 14.8262
73100 14.8398
73200 14.8549
73300 14.8487
73400 14.8582
73500 14.8761
73600 14.8809
73700 14.8851
73800 14.6742
73900 14.7007
74000 14.6957
74100 14.7087
74200 14.713
74300 14.7164
74400 14.7333
74500 14.7351
74600 14.7373
74700 14.7499
74800 14.7306
74900 14.7445
75000 14.7598
75100 14.7672
75200 14.784
75300 14.7774
75400 14.7815
75500 14.7957
75600 14.8001
75700 14.8076
75800 14.7724
75900 14.7681
76000 14.7929
76100 14.782
76200 14.7993
76300 14.7833
76400 14.8146
76500 14.8126
76600 14.8299
76700 14.8231
76800 14.8197
76900 14.8314
77000 14.8465
77100 14.848
77200 14.8465
77300 14.8664
77400 14.8648
77500 14.8746
77600 14.8764
77700 14.8851
77800 14.8966
77900 14.8014
78000 14.8185
78100 14.8254
78200 14.8115
78300 14.8268
78400 14.8302
78500 14.8376
78600 14.8455
78700 14.8453
78800 14.8594
78900 14.8377
79000 14.8579
79100 14.871
79200 14.872
79300 14.8792
79400 14.8833
79500 14.8829
79600 14.8979
79700 14.8932
79800 14.9121
79900 14.8704
80000 14.8681
80100 14.8918
80200 14.895
80300 14.8942
80400 14.9098
80500 14.9125
80600 14.9152
80700 14.9443
80800 14.9416
80900 14.9252
81000 14.9364
81100 14.9447
81200 14.965
81300 14.9641
81400 14.972
81500 14.9797
81600 14.9868
81700 14.981
81800 14.9917
81900 15.0086
82000 14.6156
82100 14.6353
82200 14.6291
82300 14.6355
82400 14.6493
82500 14.646
82600 14.6566
82700 14.6568
82800 14.6761
82900 14.6793
83000 14.6635
83100 14.6829
83200 14.6885
83300 14.692
83400 14.6973
83500 14.7003
83600 14.7011
83700 14.7143
83800 14.7256
83900 14.7328
84000 14.6947
84100 14.697
84200 14.7112
84300 14.7199
84400 14.7218
84500 14.7265
84600 14.7458
84700 14.7488
84800 14.7597
84900 14.7596
85000 14.7388
85100 14.7545
85200 14.746
85300 14.7613
85400 14.7644
85500 14.7876
85600 14.7817
85700 14.7906
85800 14.7907
85900 14.8
86000 14.8027
86100 14.7258
86200 14.7294
86300 14.7359
86400 14.7474
86500 14.7601
86600 14.7528
86700 14.7631
86800 14.7669
86900 14.7802
87000 14.7925
87100 14.7775
87200 14.7785
87300 14.783
87400 14.7961
87500 14.8103
87600 14.8046
87700 14.8232
87800 14.8212
87900 14.8225
88000 14.8317
88100 14.7981
88200 14.8038
88300 14.8192
88400 14.8151
88500 14.8374
88600 14.8291
88700 14.8408
88800 14.8397
88900 14.8451
89000 14.855
89100 14.8467
89200 14.8476
89300 14.8563
89400 14.8639
89500 14.8768
89600 14.8662
89700 14.8737
89800 14.8876
89900 14.8888
90000 14.8964
90100 14.9001
90200 14.7327
90300 14.737
90400 14.7462
90500 14.7607
90600 14.7725
90700 14.7758
90800 14.7809
90900 14.7908
91000 14.7893
91100 14.8038
91200 14.7879
91300 14.8003
91400 14.7936
91500 14.8153
91600 14.8162
91700 14.8202
91800 14.8281
91900 14.8299
92000 14.8376
92100 14.8444
92200 14.8176
92300 14.8265
92400 14.8272
92500 14.8311
92600 14.836
92700 14.8442
92800 14.8433
92900 14.8535
93000 14.852
93100 14.8665
93200 14.8529
93300 14.8631
93400 14.8709
93500 14.8644
93600 14.8777
93700 14.8813
93800 14.8941
93900 14.8966
94000 14.9015
94100 14.9138
94200 14.9137
94300 14.8419
94400 14.8483
94500 14.8483
94600 14.8594
94700 14.8644
94800 14.8647
94900 14.8567
95000 14.8718
95100 14.8856
95200 14.8982
95300 14.8827
95400 14.8856
95500 14.8949
95600 14.9134
95700 14.9107
95800 14.9005
95900 14.911
96000 14.9193
96100 14.9292
96200 14.9402
96300 14.903
96400 14.9119
96500 14.9181
96600 14.9155
96700 14.9277
96800 14.9284
96900 14.9362
97000 14.9433
97100 14.9446
97200 14.9592
97300 14.9419
97400 14.9521
97500 14.9591
97600 14.9716
97700 14.9766
97800 14.9621
97900 14.9746
98000 14.9889
98100 14.9844
98200 14.9957
98300 15.0027
98400 15.0139
98500 15.0068
98600 15.0272
98700 15.026
98800 15.049
98900 15.0454
99000 15.0503
99100 15.0568
99200 15.0711
99300 15.0568
99400 15.0719
99500 15.064
99600 15.0814
99700 15.0854
99800 15.1008
99900 15.0901
100000 15.0993
